Data/Test3/dtm_1998.asc
ncols         215
nrows         762
xllcorner     0
yllcorner     0
cellsize      8
NODATA_value  -9999
[rows 504 to 531 of 762, columns 0 to 62 of 215]
136.8915 137.1913 136.7732 137.1015 136.666 136.8461 136.5875 136.7938 136.7856 136.5558 136.8246 136.3217 136.9128 136.3889 137.0522 136.5023 137.2364 136.6538 137.049 136.8527 136.2104 137.1497 136.5145 137.0508 137.0158 137.7376 138.4676 138.6599 139.4845 138.8944 140.7079 140.1537 142.2545 141.8301 143.0221 143.9157 145.2388 146.4437 147.9849 149.5761 151.1289 150.8086 151.8564 151.4473 152.4598 150.9946 152.1133 149.8545 148.9401 146.1843 143.4425 140.2756 138.5527 133.6579 131.3352 123.9022 120.0864 114.4792 107.227 99.35577 96.10076 96.7897 93.82766
138.1306 137.7499 138.0902 137.6937 138.0741 137.6661 137.8769 137.6829 137.7523 138.0275 137.8758 138.1864 137.7234 138.4035 137.9218 137.7817 138.1715 137.6289 138.4673 137.8977 138.8341 138.2594 139.3408 138.7928 139.41 140.2744 140.5479 141.3602 140.8711 142.6469 142.175 144.1629 143.767 146.0668 145.8053 147.0734 148.203 149.6154 151.1166 151.1701 152.741 153.9084 155.0838 156.1626 155.9147 156.718 154.5962 154.0845 150.983 148.4437 145.0774 143.3417 138.06 135.9958 129.7588 126.7363 118.2045 115.0313 109.6624 102.5105 99.71906 100.5628 98.38792
138.6591 139.0092 138.6493 139.0362 138.6666 139.1046 138.7292 138.9731 139.1295 139.035 139.3501 138.9442 138.856 139.2155 139.1504 139.5491 139.501 139.9379 139.4439 140.3846 139.8751 140.9336 140.439 141.0359 141.2161 142.2417 143.037 143.4904 144.3757 143.9968 145.917 145.5735 147.7282 147.4995 147.2879 149.8401 149.7193 152.5365 152.5977 155.6912 155.7903 157.2475 159.2744 159.543 160.6289 159.6203 159.5068 156.4805 154.0399 150.3626 146.684 143.0436 140.9828 135.0845 132.6684 125.5974 120.4736 115.6788 110.7601 106.4784 107.4334 105.7214 106.8012
139.8625 139.5366 139.9279 139.5936 140.0326 139.6949 139.9387 139.8578 140.0916 139.732 140.396 140.0276 140.3904 140.3909 140.7941 140.8212 141.2645 140.8455 141.7943 141.3553 142.3997 141.9612 143.1461 142.743 143.4121 144.5401 145.0452 145.9081 146.5331 147.4812 147.2159 147.9752 149.0634 150.0668 151.2975 151.2333 153.8763 153.9227 156.8155 157.0289 159.9705 160.0702 162.1844 163.2832 163.447 163.8656 161.773 159.882 156.1873 152.3423 148.4138 144.1024 140.3484 136.5793 132.0451 127.7598 123.775 119.0876 118.1008 114.5197 112.6856 113.88 111.7945
140.3597 140.7536 140.4521 140.8897 140.5861 140.5187 140.7815 140.4669 140.7402 141.4046 141.0891 141.8325 141.5111 141.9155 142.0073 142.4532 142.5739 143.0597 142.6936 143.7322 143.3562 144.5067 144.1505 145.4631 145.1604 146.43 146.1784 147.9356 147.7206 148.6685 149.4632 150.498 151.4579 152.6123 153.8224 155.0897 155.1593 157.8459 158.0462 160.8623 161.1402 162.4739 164.8695 165.6006 166.2866 165.3601 164.7543 161.8809 158.3182 154.2413 147.9491 145.7131 141.9151 137.6754 133.9131 130.501 126.6914 125.3038 121.6638 119.3721 120.2153 118.3386 118.7605
141.5173 141.2462 141.1805 141.4084 141.3706 141.6293 141.6317 141.9278 142.3141 142.0464 142.7861 142.518 142.9208 143.0686 143.5133 143.6979 144.1841 144.3985 144.9246 144.6161 145.7434 145.4396 146.6979 146.4341 146.1672 147.4728 149.1679 149.0208 150.8808 150.773 151.7693 152.7291 153.8152 154.9694 156.1672 156.2685 158.8033 158.9956 161.6359 161.9236 164.4434 164.6729 166.7111 167.4302 167.547 166.6178 166.118 162.0857 160.1533 153.7963 151.4242 145.1465 143.0293 139.365 135.9389 132.6851 131.2308 128.4126 128.5218 126.4702 123.9705 124.0159 121.1285
142.1913 141.9417 142.1667 142.1544 142.4081 142.4355 142.7249 142.4875 142.9072 143.6377 143.4178 144.2315 144.0135 144.4542 144.6929 145.176 145.4528 145.9762 145.736 146.8482 146.6037 146.9552 147.5974 148.068 148.7976 150.2542 150.1598 151.9512 151.9073 152.8677 153.8503 154.8858 156.0079 157.134 158.4482 159.6565 159.8668 162.3605 162.6401 165.087 165.3454 166.412 167.4282 168.509 168.2099 167.8487 166.2915 164.984 159.7008 157.4236 150.8933 148.651 142.7995 141.1004 137.7947 135.9871 133.5382 133.8773 131.7414 129.756 129.6241 125.9863 125.2056
142.6437 142.8655 142.8758 143.1235 143.1715 143.4527 143.5516 143.8731 144.3961 144.2184 145.0189 144.8492 145.2838 145.5686 146.0454 146.3746 146.1884 147.2596 147.0674 147.6354 148.0282 148.6469 149.1262 149.8178 149.6862 151.1628 152.8747 152.8829 154.7487 154.808 155.8014 156.9233 157.989 159.2592 160.4028 161.8212 163.0072 163.2996 164.7993 165.96 167.2431 168.1485 169.2325 168.9896 169.0393 168.3096 166.7234 164.5067 162.7972 157.0124 154.8505 148.5868 146.7868 143.0695 140.9202 138.1423 138.2429 136.2831 137.3947 132.5952 131.914 128.4559 126.8108
143.7345 143.5392 143.7805 143.8457 144.1179 144.2324 144.5428 144.3798 144.9295 145.711 145.5837 146.451 146.3336 146.1989 147.1743 147.0445 148.1017 147.9718 149.1053 148.9737 149.575 150.0761 150.735 151.3476 152.0846 153.6754 153.7209 155.5028 155.6114 157.5319 157.6935 158.7099 159.9608 161.0432 162.4262 162.716 163.8723 165.3484 166.4853 167.8598 168.8454 169.7029 169.9565 170.3168 169.5029 168.7289 167.3976 166.5615 162.6619 161.0189 155.132 153.3748 147.7997 146.7759 143.384 143.087 140.7526 139.3387 139.9635 138.0483 134.7866 133.4458 129.6451
144.1483 144.6271 144.4634 144.7261 144.8523 145.1505 145.337 145.6773 145.8264 146.2265 146.5531 146.9963 147.3774 147.8622 147.7822 148.8198 148.7462 149.8603 149.788 150.3758 150.9106 151.5433 152.1579 152.8544 153.6001 154.4454 156.1337 156.2787 158.1095 158.3168 158.5177 160.5344 160.7902 162.9233 163.2411 165.446 165.8029 166.9043 168.3284 169.352 170.4872 171.271 171.9821 171.2062 171.0816 169.6707 169.0424 167.0488 166.2347 161.6888 160.2482 154.703 153.5927 149.6862 145.8618 145.9477 144.0045 144.6569 143.1542 140.8902 140.3969 136.6784 135.6877
145.1717 145.0288 145.2822 145.4175 145.7032 145.8958 145.7881 146.4836 146.7893 147.1355 147.5662 147.9749 148.4475 148.4118 149.4246 149.4005 150.4912 150.474 151.6357 151.6231 152.2353 152.8658 153.5276 154.2581 154.9868 156.6637 156.8322 157.8993 158.8073 160.0036 160.9712 161.2701 163.2986 163.6524 165.7612 166.1547 167.2176 168.6585 169.6785 170.9811 171.8696 172.7109 172.9154 173.4382 172.3169 172.2505 170.5813 170.0246 167.3763 164.0872 161.7006 157.6683 155.9702 152.2913 152.0966 149.32 149.7973 148.0616 148.5873 146.6144 143.5211 142.9504 139.1744
145.5451 146.0426 145.9326 145.8193 146.4016 146.3121 146.9748 146.915 147.6393 148.0543 148.4814 148.9397 149.4285 149.9272 149.946 151.0084 151.0399 152.1736 152.213 152.808 153.4639 154.0976 154.8254 155.5123 156.3561 157.2929 158.3282 159.1856 160.3613 161.2792 162.5762 163.5451 163.9378 165.9485 166.386 168.4233 168.8681 169.8669 171.2438 172.1648 173.307 174.0672 175.127 174.5326 174.9905 173.7476 172.1118 171.9289 169.5083 168.0375 164.4893 162.8434 159.1561 158.604 155.3917 155.5983 153.2733 153.7159 151.72 149.4531 149.496 146.2557 145.789
146.8263 147.0057 147.2748 147.2144 147.81 147.7785 148.4549 148.4591 149.2675 149.6894 150.2004 150.665 151.2439 151.747 151.8562 152.9226 153.0498 153.7385 154.3209 155.052 155.6654 155.8106 157.1052 157.2902 158.6862 159.686 160.7788 161.5882 162.8192 163.6819 165.0357 165.9408 166.4541 168.3164 168.869 170.7319 171.2825 172.1874 173.5591 173.9962 175.581 175.8773 177.1841 177.6922 177.6231 177.9667 177.1492 177.3021 175.464 175.1082 172.1375 171.5285 168.239 168.1868 165.1492 165.3353 162.6555 162.8622 160.3036 158.0024 155.3013 155.3046 151.9805
147.393 147.6493 147.8784 148.1652 148.1442 148.7813 148.7953 149.5178 149.9717 150.4788 150.9228 151.5062 151.6296 152.6378 152.7846 153.3178 154.0257 154.5892 155.3407 155.9313 156.1148 157.349 157.5603 158.8723 159.1338 160.8763 161.6293 162.8073 163.6122 164.9207 165.7703 166.3074 168.067 168.6568 170.4371 171.0497 172.5187 173.3742 173.9116 175.5074 175.9527 177.3881 178.9183 178.9048 179.4088 179.439 179.8442 179.168 179.4348 177.5146 177.4888 174.5611 174.4369 171.3382 171.5342 168.6233 168.7599 166.0068 163.1974 160.7738 160.8621 158.0722 157.8727
147.985 148.2125 148.4836 148.4719 149.071 149.0923 149.7703 149.8319 150.7024 150.8115 151.7013 151.8465 152.8136 152.9879 153.5009 154.2201 154.7633 155.5299 156.099 156.9073 157.501 157.7424 158.9827 159.2612 160.5772 162.3197 162.7326 163.4787 164.7279 165.5181 166.8884 167.4756 168.3263 169.8087 170.6645 172.1594 172.9899 174.4219 175.1953 175.7586 177.1955 177.6729 179.3274 179.9218 180.5711 181.0977 181.3392 181.8323 181.4747 181.8469 180.0209 180.208 177.4489 174.4694 174.4986 171.6352 171.7384 168.9307 168.9946 166.2955 163.5951 163.475 160.1971
148.5103 148.767 149.0414 149.3277 149.355 149.9895 150.0553 150.499 151.4148 151.8417 152.0014 152.9232 153.1183 154.1096 154.333 154.8548 155.6296 156.1768 156.9942 157.5631 158.4225 159.0139 159.3137 160.5482 160.8931 162.607 163.296 164.479 164.9887 166.5137 167.1061 168.6901 169.3488 170.1554 171.6452 172.4371 173.9067 174.6568 175.3229 176.7289 177.3329 178.6238 180.3673 180.7935 181.3591 182.151 182.6919 183.2231 183.7639 183.3475 182.3967 182.5457 180.1398 179.9954 177.182 177.0508 174.4351 174.1778 171.6142 168.8279 168.6189 165.621 165.0506
149.0164 149.2847 149.3046 149.878 149.9306 150.248 150.6701 151.0284 151.9395 152.1066 152.9792 153.1879 154.1326 154.3754 155.3802 155.6505 156.1752 156.9968 157.5417 158.4026 158.9656 159.2889 160.4529 160.8107 161.8017 163.521 164.1881 164.6873 166.0891 166.6729 168.1353 168.7983 169.5496 171.0102 171.7554 173.2245 173.9367 175.3615 176.0204 176.728 177.9572 178.6237 180.3945 180.9422 182.0279 182.4517 183.4869 183.7576 184.7887 184.8206 185.2169 184.3954 184.2856 181.9506 181.5897 179 178.631 176.3631 175.559 172.513 170.2941 169.6936 166.2045
149.4966 149.5242 150.0619 150.1178 150.4138 150.8136 151.1469 151.6308 152.5784 152.9935 153.2088 154.1033 154.3588 155.3159 155.6039 156.1053 156.9249 157.4461 158.3056 158.8423 159.739 160.0964 160.6636 161.6252 162.2134 163.8621 164.3497 165.6322 166.1994 167.5362 168.1875 169.5605 170.2841 170.9766 172.4194 173.0859 174.5084 175.1262 176.4914 177.0496 177.8082 178.8459 180.8105 181.2957 181.9696 182.8782 183.4907 184.2899 184.8645 185.6192 185.9789 186.1204 185.2378 184.8235 182.6155 181.9745 180.184 178.7807 176.976 173.8301 172.2829 170.3499 169.3063
149.7134 150.2191 150.2788 150.8396 150.9334 151.2428 151.699 152.0465 152.9773 153.193 154.0337 154.295 155.2014 155.5009 156.459 156.7892 157.1188 158.1401 158.4928 159.5402 159.916 160.9866 161.3916 161.9411 162.9351 164.5674 165.1523 165.7004 166.9141 167.5433 168.7909 169.5007 170.7536 171.5254 172.1416 173.5359 174.1066 175.4588 175.9679 176.7799 178.0659 178.5239 180.175 181.3845 181.7376 182.5385 183.099 183.8898 184.2709 185.1481 185.364 186.0918 185.912 184.7772 183.886 181.7265 180.6506 179.4174 177.2813 174.1362 172.9207 171.3745 169.0376
150.3494 150.4142 150.9377 151.0317 151.6145 151.7477 152.0693 152.5804 153.5388 153.9354 154.196 155.0484 155.3529 156.1301 156.6003 157.4289 157.9157 158.2843 159.2804 159.6719 160.6842 161.1011 161.6164 162.5779 163.1021 164.6512 165.7348 166.2815 166.8841 168.0072 168.6903 169.8215 170.5779 171.1388 172.4821 173.2941 174.3194 175.146 176.0366 176.8751 177.2709 178.485 180.0008 180.2651 181.167 181.5244 182.412 182.4476 183.3967 183.2582 184.5213 184.4828 184.8573 183.953 182.2901 180.8291 180.2955 178.2605 177.035 174.0314 172.1082 171.0252 169.6559
150.5235 151.0139 151.1093 151.6499 151.7796 152.0766 152.5555 152.8872 153.8181 154.4672 154.7526 155.1714 155.9247 156.3691 157.1801 157.6423 158.0218 158.9681 159.3718 160.3298 160.757 161.7213 162.1761 162.6638 163.6359 165.1476 165.6419 166.2195 167.2251 167.8751 168.8835 169.6099 170.8846 171.3819 172.1873 173.1134 173.9439 174.7292 175.5739 175.9091 177.0669 177.322 178.6055 179.6674 179.7196 180.6576 180.4518 181.3726 180.7471 181.8468 181.0523 182.536 181.778 181.1065 181.1232 177.7012 177.7732 176.29 174.951 172.3074 171.0867 169.3074 167.6962
151.0676 151.1656 151.6683 151.7957 152.3516 152.5179 152.6962 153.3498 154.2996 154.5776 154.9678 155.6895 156.107 156.8933 157.33 158.1644 158.612 159.024 159.9307 160.3656 161.2729 161.732 162.1872 163.1237 163.5762 164.9939 166.0064 166.603 167.0676 168.1866 168.6465 169.828 170.269 171.4784 171.8742 172.6927 173.3793 174.2145 174.726 175.5784 175.7658 176.7835 177.8255 177.7942 178.6123 178.377 179.2766 178.3659 179.2561 177.7711 178.9427 180.4145 178.1071 178.9689 175.0153 175.5661 172.1327 172.9893 171.6183 169.6432 168.4612 166.893 166.6469
151.2001 151.6691 151.7957 152.1959 152.4697 152.6406 153.2411 153.4579 154.3902 155.1185 155.4353 155.8246 156.5791 156.9894 157.7985 158.2213 159.0678 159.4944 159.9342 160.7885 161.2506 162.0939 162.5809 162.9997 163.9254 165.2861 165.858 166.6709 167.3004 167.7032 168.7857 169.1698 170.2882 170.6329 171.4244 172.0165 172.8305 173.2421 174.0676 174.2707 175.1153 175.1339 175.8546 176.56 176.2655 177.1453 177.5284 176.8927 176.8634 175.8438 175.5326 174.0578 175.2833 171.3309 172.2078 168.1843 169.4309 167.9107 167.9326 166.2285 164.6919 163.3093 161.3621
151.5477 151.7787 152.158 152.4105 152.8476 153.1264 153.3328 153.9426 154.8669 155.1714 155.8961 156.2483 156.6311 157.4084 157.8055 158.6264 159.0285 159.4698 160.2744 160.7375 161.5265 162.0113 162.9001 163.287 163.8055 165.1149 165.8379 166.4346 166.7859 167.7725 168.1018 169.1217 169.415 170.4362 170.6669 171.449 171.773 172.5643 172.6679 173.4669 173.4273 174.1402 174.5429 175.3937 174.5326 175.3264 174.6571 174.4812 173.3972 172.5298 170.8489 171.3727 167.2537 168.1697 163.8152 165.0565 161.7215 163.5173 162.2237 161.2603 160.7192 158.9473 159.2898
151.7436 152.1059 152.3395 152.7503 153.006 153.4786 153.7604 154.0014 154.9043 155.5711 155.9099 156.2644 157.004 157.3745 158.1638 158.5415 159.3622 159.8158 160.1989 161.0473 161.4195 162.2755 162.6326 163.1428 163.8334 165.0168 165.5865 166.1814 166.7941 167.0734 167.9952 168.2384 169.1655 169.3521 170.0932 170.338 171.09 171.1127 171.8628 172.5385 172.3798 173.159 173.3905 172.4518 173.1819 172.4955 172.2798 171.2259 170.3068 168.6839 166.6482 164.2979 164.363 159.62 160.5698 156.725 158.4326 155.7842 157.8523 157.0547 158.2193 154.6494 154.9864
152.0382 152.2551 152.6439 152.8789 153.3201 153.5773 153.8056 154.3647 155.2485 155.5712 156.2254 156.5944 156.9377 157.6899 158.1107 158.8321 159.2813 159.6411 160.4625 160.8105 161.6356 161.9661 162.7909 163.0996 163.6228 164.7516 165.2709 165.8492 166.0851 166.9165 167.1132 167.9446 168.0882 168.8887 168.9522 169.6605 170.381 170.3184 170.9006 170.7006 171.1328 170.78 170.4919 171.1514 169.6367 170.1764 169.1504 168.3137 166.8404 164.9621 162.7565 159.5214 156.7676 156.6956 152.1928 153.4603 150.4472 152.501 154.6391 154.1842 151.2759 152.1554 148.0656
152.1555 152.5267 152.7433 153.1577 153.3927 153.8622 154.1187 154.3774 155.2372 155.8721 156.1871 156.5548 157.2133 157.6216 158.2936 158.7343 159.3999 159.8637 160.1892 160.9847 161.2914 162.0812 162.3638 163.1445 163.3979 164.3828 164.9327 165.3083 165.8857 166.0415 166.7823 167.4215 167.5973 168.2637 168.2645 168.9329 168.8424 169.3433 169.1128 169.4461 169.061 169.6934 169.2459 167.7493 168.2231 166.0821 166.3776 165.0053 163.4489 161.5297 158.5533 155.8357 154.7009 149.0689 149.2602 148.6468 147.2599 148.2315 147.2849 147.1583 148.577 145.2803 145.6803
152.3967 152.5972 152.9893 153.2046 153.6428 153.876 154.3705 154.6435 155.5002 155.7876 156.4395 156.7416 157.1335 157.7551 158.1828 158.8027 159.257 159.8545 160.3269 160.6122 161.3694 161.6289 162.3714 162.5998 163.111 164.0395 164.355 164.8981 165.5836 165.68 166.2698 166.3728 166.9882 166.9312 167.552 167.4391 167.8703 167.6196 167.8696 167.4621 167.5166 166.9373 165.9807 166.4148 164.3671 164.5958 163.2772 161.8347 160.1218 157.7502 156.9394 151.3607 149.9215 146.967 144.4348 142.6275 142.9998 142.0221 144.2182 144.3561 141.9015 142.8462 138.8754
