Data/Test3/dtm_1998.asc
ncols         215
nrows         762
xllcorner     0
yllcorner     0
cellsize      8
NODATA_value  -9999
[rows 336 to 363 of 762, columns 0 to 62 of 215]
95.355 95.15945 95.08201 94.79268 94.58051 94.26687 94.04297 93.9373 93.35257 92.8642 92.73463 92.22631 92.08547 91.82349 91.40771 91.13745 90.7038 90.42599 89.97568 89.69098 89.51426 88.93305 88.74696 88.15228 87.95618 87.14137 86.93118 86.30193 86.08054 85.43826 85.20596 84.87948 84.30928 83.97747 83.39275 83.056 82.79819 82.11601 81.84991 81.15776 80.88365 80.18056 79.54144 78.8923 78.52927 77.86662 77.56657 77.19637 76.5204 76.14806 75.46913 75.09821 74.42544 74.06116 73.76332 73.05594 72.77274 72.10225 71.84021 70.98133 70.69276 70.21066 69.95461
95.23361 94.84067 94.75723 94.55066 94.24457 94.02628 93.6964 93.46684 92.87378 92.74623 92.24886 92.11007 91.59428 91.44481 91.17966 90.75296 90.48016 90.03655 89.75681 89.58197 89.01077 88.82671 88.34528 88.049 87.55119 87.04149 86.42389 86.20635 85.57579 85.34734 85.02654 84.46559 84.13916 83.56291 83.23125 82.64046 82.3036 82.03978 81.35654 81.08438 80.38988 80.10944 79.11363 78.82256 78.09711 77.79871 77.06328 76.75932 76.38884 75.71133 75.34056 74.66551 74.29901 73.99818 73.28181 72.99345 72.30853 72.03938 71.39647 70.8522 70.34772 70.07761 69.64222
94.80487 94.72345 94.52243 94.2239 94.0112 93.68886 93.46484 93.11946 92.75923 92.27271 92.13593 91.63078 91.48325 91.22326 90.80342 90.53568 90.09882 89.92908 89.37109 89.19221 88.90749 88.4332 88.14208 87.65211 87.35467 86.54459 86.33048 85.71146 85.4868 84.85555 84.62027 84.29938 83.73192 83.40552 82.82285 82.49097 82.22968 81.55579 81.28563 80.59995 80.32129 79.68881 79.04616 78.32818 78.03107 77.30167 76.9985 76.26125 75.95448 75.58447 74.90797 74.54002 73.87277 73.51254 73.21901 72.52115 72.24472 71.58359 71.33043 70.49135 70.20711 69.7448 69.57014
94.69115 94.29662 94.2048 93.99765 93.68284 93.46436 93.12643 92.89719 92.29786 92.1631 91.66845 91.52292 91.01095 90.85524 90.69678 90.1624 89.99448 89.44625 89.2692 88.98937 88.52197 88.23587 87.75327 87.46104 86.96281 86.45349 85.84576 85.62463 85.00479 84.77322 84.14157 83.89963 83.57864 83.00446 82.67773 82.08801 81.82335 81.48741 80.87621 80.53404 79.90758 79.55855 78.56047 78.26446 77.54155 77.23892 76.50628 76.19925 75.83047 75.15323 74.78468 74.11239 73.74892 73.09364 72.74121 72.45732 71.77954 71.51683 70.94978 70.41974 69.85571 69.66805 69.172
94.27672 94.18703 93.98542 93.6783 93.46529 93.13483 92.91095 92.55832 92.19151 91.70728 91.56376 91.16389 90.90821 90.49044 90.2272 90.06113 89.52261 89.34741 88.79586 88.61175 88.33057 87.85495 87.56775 87.07714 86.78397 85.979 85.76111 85.15253 84.92451 84.30423 84.06583 83.7504 83.18507 82.93303 82.28224 82.02031 81.35683 81.08525 80.74771 80.12755 79.78291 79.14645 78.49944 77.78357 77.48133 76.75395 76.44649 75.71162 75.40182 75.03337 74.35724 73.99152 73.32724 72.96979 72.67838 72.05069 71.71327 71.1254 70.80795 69.97859 69.7764 69.24452 69.08488
94.17046 93.77483 93.67494 93.46745 93.14456 92.92604 92.58073 92.454 91.84785 91.60573 91.21295 90.9623 90.55139 90.29309 90.12892 89.60007 89.42674 88.88471 88.7025 88.1483 87.95738 87.67505 87.19164 86.90355 86.40538 85.89668 85.29903 85.0744 84.53909 84.23056 83.67898 83.36446 83.1158 82.47582 82.21682 81.56378 81.2947 80.96207 80.34863 80.00868 79.37817 79.03041 78.02812 77.72623 77.00491 76.69696 75.9659 75.65449 75.28674 74.60762 74.29832 73.56883 73.26682 72.55428 72.26637 71.92111 71.31319 70.98503 70.4224 69.6112 69.33253 69.15503 68.65508
93.77023 93.67273 93.26523 93.15542 93.04234 92.60442 92.47968 92.02158 91.64887 91.26312 91.01741 90.61336 90.3599 89.93899 89.67848 89.50705 88.97457 88.79425 88.24947 88.06052 87.783 87.30658 87.02342 86.53268 86.24403 85.52049 85.22319 84.69669 84.39377 83.85143 83.54256 83.29737 82.66853 82.41278 81.77058 81.50424 80.84753 80.57074 80.2357 79.61165 79.26846 78.62663 77.61774 77.25949 76.95113 76.22493 75.9119 75.23164 74.86406 74.55133 73.81867 73.51096 72.78983 72.49337 71.79334 71.51459 71.17688 70.58947 70.27037 69.4393 69.243 68.70329 68.55244
93.6712 93.37167 93.16728 93.05643 92.62926 92.50661 92.05885 91.92507 91.31428 91.07357 90.67639 90.42775 90.01353 89.7578 89.58835 89.06535 88.88693 88.35156 88.16448 87.61761 87.42212 87.22408 86.66021 86.45345 85.87888 85.07816 84.85323 84.55576 84.02244 83.71924 83.16956 82.86018 82.6078 81.97693 81.71359 81.06779 80.79353 80.13167 79.84673 79.50848 78.87257 78.52577 77.51794 77.20931 76.5377 76.17445 75.49384 75.12709 74.44376 74.07696 73.76398 73.0368 72.73225 72.0206 71.73071 71.38464 70.77385 70.44321 69.87753 69.05963 68.77513 68.60162 68.08517
93.37872 93.17981 92.86477 92.65491 92.53458 92.09717 91.96542 91.50887 90.89258 90.74033 90.49649 90.08896 89.83789 89.41444 89.15683 88.98047 88.45442 88.26935 87.81059 87.53821 87.06573 86.78799 86.5836 86.01884 85.8058 85.00894 84.71681 84.19218 83.89458 83.35414 83.05049 82.49286 82.18233 81.92236 81.28799 81.01662 80.36581 80.08311 79.75015 79.1209 78.82454 78.13074 77.11577 76.80278 76.44242 75.76224 75.39706 74.71103 74.34406 74.02608 73.29507 72.98317 72.26263 71.96229 71.25933 70.97679 70.63607 70.04201 69.71825 68.87334 68.67676 68.22943 67.96831
93.19281 92.88565 92.68114 92.35125 92.13631 92.00677 91.5602 91.41988 90.80519 90.56612 90.16521 89.91882 89.50192 89.24889 88.81689 88.63696 88.37482 87.92274 87.65498 87.18914 86.91609 86.7139 86.15889 85.94826 85.38342 84.58939 84.36096 84.06883 83.53735 83.23944 82.69128 82.3867 82.13023 81.50768 81.23952 80.60031 80.32031 79.70538 79.37131 79.07647 78.39227 78.08728 77.07267 76.7157 76.03693 75.674 74.98643 74.62007 73.93085 73.56464 73.24597 72.51924 72.20929 71.49481 71.19908 70.50362 70.22928 69.89352 69.31703 68.47919 68.28911 68.00665 67.58853
92.90697 92.70782 92.38568 92.17594 92.04877 91.61232 91.47412 91.01947 90.40015 90.24229 90.08185 89.59009 89.42076 88.91614 88.7382 88.48064 88.03537 87.7722 87.31306 87.0447 86.5723 86.29899 86.09068 85.53561 85.31898 84.52902 84.24223 83.71947 83.4272 82.88836 82.58972 82.03281 81.77213 81.46188 80.87676 80.55781 79.95141 79.62305 78.99495 78.65678 78.35278 77.66064 76.63887 76.31784 75.95784 75.26994 74.90504 74.21184 73.84534 73.15488 72.79002 72.47137 71.7486 71.44078 70.7892 70.44023 70.16072 69.48627 69.23533 68.38096 67.78307 67.61092 67.33266
92.45547 92.2562 91.92747 91.79785 91.36813 91.22755 91.005 90.62944 90.00623 89.76845 89.60294 89.11626 88.94228 88.44377 88.26158 87.75223 87.56184 87.30261 86.84386 86.57983 86.10838 85.83983 85.62802 85.08315 84.86319 84.08071 83.56433 83.27864 83.03683 82.45428 82.20129 81.60379 81.33836 81.03195 80.44464 80.12866 79.5182 79.19188 78.55785 78.22102 77.90889 77.21884 76.19005 75.86009 75.50067 74.80431 74.43988 73.73836 73.40477 72.67294 72.34393 71.97942 71.29443 70.93288 70.26519 69.9101 69.61899 68.92841 68.66517 67.77357 67.14111 66.95206 66.65108
92.37504 91.97552 91.8484 91.42879 91.29051 91.07278 90.70404 90.47804 89.85867 89.45683 89.21708 89.04507 88.55536 88.37517 87.8747 87.68649 87.43178 86.9798 86.72032 86.2558 85.9919 85.51511 85.30043 85.02962 84.53521 83.75217 83.47204 83.2336 82.66283 82.41365 81.82886 81.56746 80.96542 80.69073 80.38136 79.78086 79.46109 78.83611 78.50537 78.1949 77.51561 77.19389 76.16554 75.47495 75.11463 74.77687 74.04828 73.70898 72.9769 72.64016 72.27432 71.57723 71.21234 70.52585 70.16405 69.49873 69.14461 68.85875 68.17052 67.25017 67.02893 66.38893 66.2104
92.02354 91.89903 91.48959 91.35378 90.92549 90.77913 90.5577 90.17822 89.55392 89.31847 89.14833 88.66727 88.48907 87.99731 87.81127 87.30962 87.11566 86.8607 86.40306 86.19876 85.67406 85.46185 85.19577 84.70886 84.43872 83.66428 83.15021 82.86994 82.62447 82.05221 81.79497 81.20636 80.93575 80.63318 80.04334 79.73038 79.11546 78.79135 78.15115 77.81604 77.49529 76.82566 75.78967 75.43314 74.73193 74.36942 74.02525 73.29484 72.95114 72.21861 71.87831 71.5117 70.81038 70.44411 69.75576 69.39351 68.73068 68.37663 68.09514 67.1526 66.47822 66.26305 66.07112
91.94957 91.55032 91.41707 90.99863 90.85461 90.63789 90.26491 90.04047 89.42022 89.0165 88.77953 88.6033 88.12004 87.93605 87.50111 87.25146 87.0573 86.55011 86.34818 85.83263 85.62293 85.09958 84.882 84.61676 84.12495 83.35013 83.0756 82.55453 82.27379 82.02066 81.44547 81.17925 80.58542 80.30502 79.9991 79.39507 79.09537 78.4476 78.13359 77.4637 77.13719 76.79373 75.75898 75.05988 74.70069 74.35284 73.62605 73.27621 72.54465 72.19639 71.46165 71.11678 70.74815 70.04128 69.67331 68.9832 68.62012 68.31487 67.60124 66.71481 66.37006 65.805 65.46907
91.61081 91.48018 91.07161 90.93009 90.5037 90.35205 90.13205 89.74926 89.12484 88.89206 88.48102 88.30173 88.06104 87.63239 87.38713 86.9465 86.69693 86.49739 85.99088 85.78362 85.26955 85.05458 84.53317 84.31017 84.04578 83.27994 82.76831 82.49361 82.24451 81.68247 81.42081 80.84116 80.56525 79.9808 79.67413 79.37836 78.74495 78.43404 77.77734 77.45248 77.11491 76.43811 75.39583 75.04083 74.33062 73.96935 73.61453 72.88568 72.53038 71.79665 71.44282 71.07362 70.35287 69.9815 69.26894 68.9386 68.20625 67.89644 67.5351 66.52997 65.91429 65.56039 65.33436
91.54305 91.14429 91.00537 90.58846 90.43919 90.00616 89.84747 89.62491 89.06396 88.5999 88.42259 88.18611 87.76376 87.52268 87.08858 86.84338 86.3978 86.1487 85.94397 85.43895 85.22665 84.71463 84.4945 84.2351 83.74648 82.98047 82.71172 82.1928 81.91742 81.66018 81.11226 80.82355 80.25112 79.9519 79.66061 79.04224 78.73514 78.09279 77.77053 77.10541 76.76997 76.42876 75.38857 74.68105 74.32347 73.96486 73.24069 72.8793 72.14833 71.78671 71.04837 70.68761 70.33155 69.58525 69.23734 68.49248 68.16013 67.42039 67.10801 66.08043 65.71242 65.08505 64.72234
91.21669 91.08034 90.67296 90.52614 90.16215 89.94583 89.78664 89.3424 88.719 88.54364 88.07784 87.89511 87.65822 87.23045 86.98952 86.55066 86.30594 86.10374 85.6078 85.39804 84.89531 84.67796 84.16843 83.94292 83.68457 82.95317 82.41917 82.17035 81.89737 81.36099 81.07953 80.51953 80.22786 79.64141 79.33841 79.03581 78.40878 78.09004 77.439 77.10548 76.43305 76.08721 75.0396 74.68671 73.9677 73.60825 73.242 72.51266 72.14709 71.41281 71.04279 70.30357 69.92871 69.56615 68.81352 68.46124 67.7092 67.37253 66.99681 65.92168 65.24554 64.867 64.23048
91.15498 90.81677 90.6129 90.25589 90.04407 89.67024 89.45151 89.28592 88.66489 88.20715 88.02641 87.79364 87.37218 87.13542 86.70303 86.46265 86.01958 85.77581 85.56876 85.0752 84.8606 84.36065 84.13821 83.6568 83.40005 82.64346 82.39883 81.86417 81.60727 81.33293 80.78539 80.50142 79.92792 79.63287 79.03134 78.7242 78.40976 77.774 77.44356 76.7847 76.44034 76.10208 75.05757 74.3419 73.97514 73.25726 72.88561 72.52254 71.78404 71.41613 70.67009 70.29601 69.92162 69.16576 68.79663 68.03654 67.67839 66.91397 66.56937 65.46706 65.07717 64.38467 63.9985
90.89845 90.69938 90.34943 90.14209 89.77489 89.56046 89.17807 88.95766 88.33664 88.15781 87.69939 87.51367 87.28099 86.85504 86.61886 86.18256 85.94319 85.49657 85.28712 85.04231 84.58028 84.33234 83.85912 83.60764 83.37673 82.62514 82.10316 81.85095 81.31428 81.04842 80.77205 80.21191 79.92486 79.33688 79.03796 78.72856 78.10899 77.78258 77.13867 76.7968 76.13116 75.77603 74.72433 74.35605 73.64679 73.27135 72.91154 72.17071 71.80566 71.05556 70.68381 69.92376 69.5453 69.16235 68.39847 68.02193 67.25101 66.88393 66.49423 65.34737 64.60891 64.2093 63.50674
90.58845 90.44266 90.23986 89.87943 89.6693 89.2933 89.07703 88.90768 88.28928 87.83871 87.65497 87.19707 87.00664 86.77463 86.34488 86.14523 85.67017 85.46342 85.22311 84.76851 84.52534 84.0601 83.81374 83.33657 83.0863 82.33966 82.09196 81.56908 81.30843 81.03955 80.49273 80.21377 79.63974 79.34926 78.74576 78.44278 78.12125 77.47623 77.15512 76.48299 76.15102 75.7944 74.74474 74.04595 73.66808 72.95523 72.57119 72.20967 71.45755 71.08926 70.32464 69.94829 69.17359 68.7908 68.39893 67.62537 67.23914 66.45229 66.0724 64.89671 64.5433 63.7325 63.41114
90.53537 90.3372 89.98372 89.77795 89.40837 89.19624 88.81281 88.5954 87.97801 87.79625 87.3462 87.15785 86.96733 86.50661 86.30939 85.84295 85.63878 85.1669 84.95569 84.71716 84.25975 84.01837 83.54977 83.30492 83.07181 82.33045 81.8208 81.56523 81.04008 80.7701 80.49911 79.93932 79.65732 79.06844 78.75858 78.15453 77.82678 77.51382 76.85316 76.52863 75.84206 75.50708 74.45279 74.07394 73.37088 72.98376 72.26744 71.87411 71.50998 70.74384 70.37108 69.59044 69.2094 68.8052 68.03249 67.63029 66.84142 66.44417 65.64921 64.8573 64.03063 63.66764 62.84991
90.23813 90.08759 89.8862 89.52325 89.31526 88.93803 88.72462 88.55191 87.93741 87.53246 87.30881 86.89426 86.66773 86.47287 86.01484 85.81331 85.3502 85.14175 84.67381 84.45807 84.22156 83.76129 83.52172 83.04932 82.80573 82.06964 81.81894 81.30811 81.04381 80.50595 80.23511 79.94917 79.38763 79.08398 78.4976 78.17552 77.8712 77.22371 76.90717 76.23163 75.90404 75.20329 74.48701 73.79546 73.40662 72.69995 72.30338 71.94392 71.17836 70.81036 70.02779 69.61736 68.85339 68.44052 68.05273 67.24994 66.85391 66.04158 65.63379 64.39262 63.99494 63.15705 62.7878
90.19099 89.79508 89.63777 89.43402 89.06307 88.89505 88.47001 88.29466 87.67928 87.45953 87.05093 86.82836 86.41089 86.1859 85.9869 85.53245 85.32675 84.86784 84.65514 84.42336 83.97124 83.73677 83.27332 83.03534 82.55837 82.06964 81.5674 81.31378 80.78952 80.52683 80.24712 79.70274 79.4056 78.83725 78.52148 77.92742 77.59303 77.28506 76.62219 76.30251 75.61246 75.28195 74.22678 73.83774 73.14211 72.74348 72.03281 71.62582 71.21827 70.48183 70.06566 69.30945 68.88717 68.50198 67.68958 67.2962 66.47212 66.06732 65.22719 64.38401 63.53623 63.12732 62.28878
89.94963 89.75191 89.59427 89.18777 89.02193 88.60481 88.43155 88.00591 87.60997 87.20724 86.98851 86.57717 86.35617 86.15961 85.71353 85.51056 85.06055 84.8508 84.39668 84.17961 83.95013 83.49544 83.26706 82.79558 82.55754 81.82674 81.58021 81.06898 80.81418 80.27841 80.01338 79.72293 79.17254 78.86366 78.28799 77.95992 77.66088 77.01211 76.70082 76.02315 75.70054 74.99608 74.27496 73.5918 73.19249 72.43888 72.08427 71.3132 70.94939 70.52959 69.78381 69.35497 68.59001 68.15564 67.76593 66.93452 66.5343 65.68455 65.27032 63.97702 63.53639 62.6845 62.26732
89.86559 89.51204 89.31216 89.14852 88.73935 88.56816 88.15025 87.97223 87.36314 87.14822 86.74284 86.52573 86.11252 85.89359 85.69325 85.25185 85.04506 84.60011 84.38628 84.16968 83.71554 83.49084 83.03046 82.79651 82.32745 81.84306 81.34451 81.09727 80.57573 80.31911 79.77064 79.50288 79.20108 78.64409 78.32301 77.74022 77.39986 77.09747 76.43355 76.11929 75.42694 75.047 73.98882 73.64842 72.90039 72.5517 71.78529 71.42771 71.00592 70.27253 69.83975 69.08511 68.64374 67.87094 67.42331 67.02861 66.17474 65.76683 64.88939 64.00388 63.14878 62.69575 61.84191
89.63192 89.4362 89.27478 88.87361 88.70454 88.29433 88.11831 87.70107 87.30759 86.90804 86.69475 86.28767 86.07274 85.65828 85.44193 85.23792 84.81128 84.59124 84.15574 83.93369 83.71255 83.26294 83.03304 82.57587 82.33578 81.61614 81.37625 80.86845 80.61998 80.08681 79.8279 79.53334 78.99489 78.68127 78.11739 77.78406 77.19466 76.84218 76.48361 75.85793 75.48217 74.83383 74.10907 73.36868 73.0263 72.26585 71.91472 71.13367 70.77225 70.3376 69.5955 69.14973 68.38791 67.93383 67.54506 66.6907 66.29042 65.41132 64.99661 63.61642 63.18913 62.29714 61.87561
89.55994 89.20483 89.00765 88.84064 88.43816 88.26421 87.85448 87.67415 87.07285 86.8633 86.46211 86.26846 85.84302 85.64359 85.42947 85.01004 84.79455 84.36699 84.14981 83.71275 83.49316 83.26712 82.82145 82.58583 82.13111 81.65127 81.15672 80.91604 80.39771 80.14742 79.60143 79.33989 79.03391 78.44379 78.16339 77.5406 77.24744 76.89528 76.28741 75.91685 75.2852 74.89782 73.84157 73.50604 72.75305 72.40852 71.63446 71.28011 70.84523 70.11721 69.66952 68.92026 68.46199 67.69467 67.22696 66.75885 65.95899 65.47771 64.64984 63.73413 62.81787 62.39487 61.49966
