Data/Test3/dtm_1998.asc
ncols         215
nrows         762
xllcorner     0
yllcorner     0
cellsize      8
NODATA_value  -9999
[rows 448 to 475 of 762, columns 126 to 188 of 215]
48.00171 47.74984 47.8765 48.00851 47.56895 47.18861 47.852 52.71321 54.3506 59.19866 62.45325 66.83019 68.56803 71.23708 71.62759 74.7948 75.5105 80.20748 87.58387 91.40992 92.88923 96.95567 97.75069 99.1379 98.53695 98.20786 95.04712 93.8125 89.812 88.48676 84.49316 83.12624 81.19852 77.95359 76.1965 71.38644 68.44511 67.1219 65.98756 63.39102 62.94476 61.36973 60.44211 60.52938 57.86415 58.06636 54.36561 55.43114 54.24813 56.22415 56.14175 58.42089 59.19299 58.68213 59.72762 59.64174 61.00246 62.01787 63.21495 65.13393 65.17529 65.32751 65.81831
47.99021 48.01828 48.10367 48.17097 47.3925 46.44966 47.0807 47.90383 51.47041 54.32391 59.11902 61.82116 65.88764 67.17763 70.0453 72.59062 73.97092 77.42439 85.09513 88.86837 92.53385 93.95207 97.03505 97.15629 96.70995 95.32947 94.36018 90.36862 89.06003 84.98135 83.79313 79.9593 78.77184 76.99036 74.13686 69.60955 68.32198 66.75073 64.15192 62.96631 61.44545 60.45262 58.47853 56.64059 56.04207 52.29587 52.45117 52.4755 53.00059 53.48708 54.30349 54.6616 56.25707 57.16438 57.60116 58.64128 60.8391 61.9392 64.229 65.13282 65.31754 65.4407 65.74269
48.04694 48.08817 47.99654 47.75343 47.146 45.43785 44.97029 46.75346 47.55162 51.28257 54.07219 58.58565 63.73679 64.46754 68.44147 69.26572 72.04086 74.18708 82.17319 86.70826 88.8067 93.70712 94.62306 95.78172 94.97114 92.84573 90.89774 89.58087 85.30946 84.13567 80.27291 79.21687 77.39539 74.68416 73.66135 69.21882 65.82247 64.70014 63.38012 61.55437 60.56088 58.82915 57.09531 55.62091 51.53202 51.35843 53.8719 54.09915 57.34001 56.09258 57.03502 56.69587 57.42374 58.29526 58.08244 59.82536 61.32447 63.46918 64.57246 65.37446 65.38348 65.49194 66.18737
48.31572 47.41353 47.45763 46.39736 45.40125 44.59501 44.21055 45.10527 46.26916 49.80075 51.15466 56.71017 57.80645 62.47316 63.46757 67.0493 69.68968 72.50286 79.87186 84.93207 89.09897 90.96661 93.99955 93.9228 92.89018 91.28614 90.123 85.82759 84.46561 81.3055 79.41801 76.6218 74.91213 74.01251 70.95982 66.57985 65.28959 63.88807 62.08149 61.12906 59.2916 57.89802 54.14306 51.85671 50.799 53.85683 55.2328 59.15745 59.16327 61.08088 60.41928 61.49069 59.26178 61.1497 60.58083 62.00211 63.69569 64.84367 65.5415 65.94263 66.05782 66.4198 66.43134
47.94552 46.1496 43.39047 43.73539 44.19539 43.06901 43.61665 42.66436 44.38197 45.19741 49.85859 51.1409 56.04911 57.12403 62.3476 64.10352 67.94548 71.13239 78.22198 82.92247 85.54905 91.1237 92.06139 92.50212 91.40728 88.70059 87.28745 85.1086 81.59093 79.61851 76.74121 75.00118 72.63205 71.23619 70.37617 66.14958 63.36459 62.54871 61.53035 59.88635 58.70898 55.35218 52.85923 50.26385 52.30692 54.51836 59.0405 59.95353 61.18121 61.86565 62.03596 64.10448 64.33636 63.16109 65.25705 64.79713 65.81432 66.2104 66.7005 66.83281 67.19203 66.93076 67.65665
45.5994 43.01294 41.70635 42.14261 40.59725 41.61023 40.8717 41.60305 42.07826 44.3153 45.33 49.81684 50.9303 55.89059 57.52722 63.9812 66.17936 69.78865 76.32633 81.42867 86.08673 88.24078 91.41727 91.77782 89.28729 88.08454 83.94937 82.32536 80.24619 77.00695 75.21255 72.61489 71.20522 70.64977 68.0092 63.86502 63.0247 60.90572 60.16019 59.08596 56.5711 54.33322 50.14828 50.69331 52.58406 57.52245 59.38969 61.19328 61.77542 62.89621 63.82936 64.69183 65.51856 66.92791 66.81361 67.73103 67.74226 68.26393 68.04048 68.41284 68.23988 68.53962 68.20366
42.20972 39.90641 39.42442 38.9486 39.3896 39.00854 39.87189 39.78543 40.93259 41.92673 44.4002 45.36147 49.73619 51.10566 57.14112 59.44274 64.14559 68.58364 76.82027 79.33487 86.50719 88.3848 90.49332 89.51031 88.71821 85.10612 83.49249 81.38671 77.77272 75.92245 72.97798 71.44228 69.3111 68.22947 67.51669 63.55251 61.46011 60.67887 59.6424 57.49251 56.14785 51.71083 50.09312 53.26358 55.70344 58.01324 60.6998 61.40372 62.37723 63.37526 64.02508 65.59026 66.41898 67.49127 69.98241 69.93392 70.502 69.91354 70.17143 69.61492 69.82217 69.25302 69.06632
39.43741 38.82478 39.33618 39.62685 40.05397 39.4726 39.67513 39.04101 39.10616 40.59697 41.17641 44.40804 45.47392 50.47111 52.38124 59.51462 64.40921 66.75798 73.61295 80.01369 82.74191 86.85708 88.76889 88.90919 86.08398 84.67219 80.6053 78.9241 76.94048 73.82732 72.31524 69.91919 68.77108 67.76219 65.16518 61.91476 61.12989 59.50192 58.43911 57.29479 53.72959 51.60285 51.13987 53.35271 55.85882 59.5435 60.481 61.88249 62.52143 64.45742 65.43813 65.78182 66.30091 68.86002 70.40835 72.403 71.98074 72.17023 71.35887 70.52739 70.74966 70.15126 70.28381
38.62677 40.37802 41.04817 41.82338 41.20721 42.10899 40.78893 40.62174 39.37996 39.2288 40.5593 42.68962 44.84707 48.28404 52.07927 56.97026 59.53713 66.93171 74.05431 76.28895 83.42677 85.49274 87.81765 86.68993 85.67696 81.96512 80.23019 78.15135 74.69089 73.05691 70.69947 69.51029 67.25945 65.80047 64.80523 61.80487 59.99546 59.15351 57.1611 55.71997 53.81274 49.98796 50.94024 55.55471 57.95921 59.47237 61.10441 61.80697 63.49181 64.36121 65.96259 65.85693 66.99386 68.68527 72.10879 72.92773 72.84521 73.09489 72.26869 72.19951 71.47507 71.48661 70.95459
40.15152 42.58761 43.42553 43.8332 44.65693 43.75012 44.00683 42.0357 39.94527 39.52044 39.58419 40.84592 43.1658 45.80561 49.6393 53.95773 59.43928 62.13021 71.06118 77.01466 79.54819 85.27347 85.87519 86.19632 83.45172 81.72407 77.53982 75.79171 73.9466 71.34807 70.40065 67.88973 66.87181 64.04852 63.29149 60.581 59.59637 58.13101 57.04291 55.71024 52.09157 50.25126 52.16233 55.21878 59.21676 60.28967 60.83964 62.31597 62.97231 64.96116 65.70021 65.97578 66.98618 70.30962 72.06521 73.9081 74.1718 73.75317 73.53584 72.84834 72.61504 72.02922 71.97475
41.98188 45.00886 45.08411 45.60338 46.51387 45.75321 45.70209 42.95707 42.15815 39.74224 39.2956 39.96957 41.42732 43.95601 46.62154 51.12416 56.34393 62.11748 71.3388 73.34584 79.66797 81.3983 84.4895 83.97188 83.22549 79.3359 77.34683 73.62186 72.01373 71.03275 68.62717 67.45688 64.32329 63.56617 62.605 60.09817 58.61936 57.83924 55.35705 53.48602 51.98383 49.72858 51.85137 56.89441 58.93246 59.8203 61.22143 61.72756 63.51563 64.57738 65.81907 66.0952 68.29697 69.80924 73.15796 73.9437 74.37956 74.33777 73.94661 73.56366 73.04991 72.76447 72.31479
43.79876 46.33953 45.90701 46.45472 46.95708 47.38949 46.19744 45.2243 42.42214 41.43941 39.32464 39.35367 40.39322 41.86359 44.50983 48.07664 53.35675 56.22728 67.20972 73.22935 74.88479 80.07766 82.96626 82.60249 80.98379 78.98964 75.03982 73.08971 71.70567 69.13686 68.25107 65.02197 63.92901 61.95487 61.43925 59.16082 58.36799 56.24625 54.32322 52.86712 49.75956 49.58657 53.92074 56.59494 59.59801 60.28757 60.97561 62.13089 63.29613 64.97014 65.86187 66.21334 67.90412 70.81937 71.99222 73.95626 74.12497 74.34834 74.04956 73.7826 73.39774 73.03966 72.76215
44.05273 46.77644 47.35556 46.7879 47.43667 47.32258 46.92877 45.41924 44.78471 41.45818 40.56852 39.42545 39.69176 40.79403 42.539 45.77276 50.24919 56.04203 66.86886 71.08073 73.81594 77.34675 77.93719 79.74229 78.48957 76.23046 74.24011 71.16889 69.82629 68.81068 65.65811 64.62433 62.50924 61.81895 60.08355 58.60334 56.90288 55.24459 51.3947 49.60197 49.28605 51.26763 53.71521 58.14602 59.14914 60.40603 60.91738 61.98529 63.45621 64.49274 65.47037 65.9161 68.43317 69.42028 71.99356 72.55994 73.75674 73.78528 73.96144 73.64447 73.4884 73.15309 72.92212
45.99891 47.99799 47.89977 48.025 47.73592 47.59891 46.95758 46.92949 44.78835 43.49327 40.63794 40.0248 39.42156 40.01015 41.41555 45.53874 47.55497 55.64017 64.02579 67.94102 71.60985 73.00556 75.37816 75.02814 75.13913 73.7071 71.87312 70.59138 68.21912 66.42937 65.08912 62.59267 62.16683 60.40316 59.91306 57.74204 56.54564 52.49709 50.68165 48.26521 48.85587 50.75078 55.78225 57.38094 59.30468 59.728 60.51937 61.72169 62.92837 63.30854 64.63535 64.72871 66.84053 69.36588 70.10926 72.2083 72.62706 73.37154 73.37161 73.50942 73.31087 73.15681 72.87634
47.56287 48.28957 47.87736 48.05044 47.93108 47.80949 47.62994 46.86102 45.92131 43.02234 42.11974 40.05359 39.44515 39.6062 41.33372 42.22952 47.20258 49.42968 59.51992 64.99032 67.93721 71.07364 71.566 72.5232 71.83407 71.20174 70.56731 69.39528 67.9907 66.19958 62.91515 62.19963 60.15754 59.80645 59.04473 57.98978 54.43985 52.07019 48.29298 48.03043 48.62739 52.88303 55.23812 57.94235 58.49428 59.46091 59.86373 60.90586 61.53234 62.54162 63.30442 64.08917 66.81413 67.52718 69.9854 71.48006 72.38919 73.01303 73.02927 73.16856 73.04652 72.95123 72.83605
48.25639 48.11744 47.84384 47.7324 47.83004 47.8896 47.63184 47.42826 45.30869 43.63777 42.13393 40.67472 40.05449 39.56284 39.87104 42.0907 43.27988 48.79054 55.89402 59.55507 64.80916 67.34741 70.32943 70.72694 70.9314 70.76874 70.08047 69.32088 65.91008 63.93249 62.61377 60.77659 59.68002 58.49633 58.12782 56.72124 54.30131 48.97269 48.09153 48.36049 49.8998 52.12716 56.61091 57.51598 58.69621 59.1574 60.04181 60.47771 61.15533 61.89695 62.92933 63.88185 66.02937 67.47624 69.17334 70.81815 71.87171 72.17093 72.61247 72.56033 72.70845 72.62216 72.63417
47.92066 47.99506 47.69599 47.69888 47.80404 47.86831 47.8448 47.52637 46.11527 44.62545 42.99934 41.43263 40.14341 39.69546 39.81939 40.36354 43.07893 44.323 50.87751 55.79487 59.03856 64.28233 67.56923 70.65434 71.81005 71.33729 70.28545 67.83137 65.83694 62.2567 61.26403 60.12122 58.30006 57.52566 57.42773 56.48775 50.85175 48.56001 47.37587 48.13476 50.9355 53.82162 55.70276 57.89365 58.13047 59.1584 59.49045 60.19003 61.25485 61.44209 62.92561 63.40356 65.42224 66.65669 68.35578 70.06251 70.86382 71.64079 71.68772 72.13535 72.10677 72.32457 72.28464
47.65451 47.61145 47.62312 47.65601 47.77309 47.80878 47.95678 47.98878 47.65535 46.72526 44.86054 43.00837 41.56416 40.96802 39.46761 39.35089 40.70263 41.32746 44.80727 47.93198 53.9434 56.01927 63.93023 66.09108 70.17015 70.04108 69.45506 65.745 63.75042 60.17315 59.10657 58.04945 56.60158 55.95519 55.78448 53.3735 48.56264 46.98394 47.46543 48.64006 52.37867 54.63081 56.29823 57.3926 57.94209 58.54193 59.27936 59.89371 60.65827 61.01091 62.27495 62.58175 64.53492 65.06855 65.98699 67.66521 68.77724 69.81596 70.37124 70.96458 71.0735 71.52029 71.5668
47.63871 47.58936 47.60711 47.68392 47.72281 47.80695 47.84692 47.95184 47.95054 47.37849 45.99058 43.9809 42.23907 40.86309 40.21455 39.3729 39.95214 40.9754 43.24886 46.91785 48.3756 55.10555 57.4557 65.03609 66.45917 68.83535 67.02144 65.61772 61.7565 60.06427 58.66573 56.87966 56.11876 55.19197 54.80491 51.21762 48.89252 46.95603 47.20049 50.00628 52.10067 55.78564 56.42021 57.03521 57.91053 58.38642 59.08372 59.8464 60.22888 61.22844 61.56766 62.82732 65.01105 65.36092 65.44566 66.29451 68.02833 69.09657 69.93501 70.57555 70.85591 71.24035 71.38014
47.59101 47.58378 47.64079 47.67837 47.7486 47.792 47.9028 47.94198 47.98947 47.94154 47.04835 45.43192 43.16565 41.45345 40.15532 39.49897 39.44762 40.16562 42.72033 43.49833 47.69291 49.39637 56.5218 58.6699 64.86327 65.27178 66.27801 63.3739 61.76356 58.55618 57.42208 56.49076 55.29898 54.76475 53.82125 49.81666 48.09307 47.54603 47.41408 48.83211 53.6688 55.09767 56.08804 56.78135 57.5398 58.4147 59.05896 59.79905 60.40783 60.80258 61.80376 62.31559 64.164 65.14491 65.30727 65.59256 67.85459 68.51855 69.82819 70.06133 70.55299 70.79916 71.14349
47.58681 47.6054 47.63879 47.69851 47.71979 47.8345 47.85213 47.89121 47.96907 47.978 47.22496 46.46058 43.15569 42.17981 40.74236 39.82586 39.45998 39.47728 41.35772 43.03938 43.91278 48.53978 50.19639 57.04617 58.5335 62.73647 62.52922 62.82837 59.97337 58.59959 56.30273 55.46946 55.06984 53.95914 53.551 50.10833 48.98225 47.52354 46.94703 50.08714 52.1605 55.62045 56.11103 56.58939 57.436 58.06254 58.69685 59.44867 59.7446 60.92743 61.16621 62.67832 64.03905 65.03088 65.15553 65.55402 66.00601 68.40498 68.88646 69.69416 70.12541 70.54609 70.79445
47.54655 47.62508 47.67495 47.71009 47.75928 47.80222 47.82827 47.8236 47.80278 47.96095 47.8783 46.30329 45.20326 42.18057 41.49139 40.30444 39.59783 39.36518 40.49743 40.92602 43.26852 44.12835 48.78845 50.1453 56.10755 56.97009 60.28531 60.71368 59.52198 57.24921 56.02424 55.20306 53.5666 53.53855 52.0037 49.23125 48.32303 47.66628 47.30084 48.40324 52.94732 54.35972 55.92224 56.6846 57.30324 57.84536 58.31169 59.09776 59.87671 60.5141 61.14626 62.23685 63.70831 64.11 65.00521 65.16132 65.82216 66.61427 68.81888 69.25357 69.84467 70.23235 70.58504
47.52103 47.59855 47.66898 47.75462 47.78312 47.83233 47.8296 47.73396 47.8486 47.89423 47.86966 47.74559 45.22553 44.23296 42.30998 41.19948 40.09887 39.55914 39.54447 40.50412 40.90982 43.26149 44.05687 48.37197 52.63865 53.64601 57.6495 57.46972 57.52894 56.37957 54.42792 53.22463 52.88633 51.47272 51.49382 49.18834 48.37216 47.24211 46.92664 48.74046 50.05286 54.25943 55.17714 56.31186 56.96251 57.73773 58.50766 58.78323 60.09002 60.40265 60.96697 62.1206 63.56488 64.30785 64.85674 65.35869 65.86273 67.4491 68.28069 69.36648 69.64786 70.03514 70.34665
47.48985 47.60191 47.65982 47.74742 47.83424 47.83408 47.78399 47.81311 47.69571 47.88251 47.94682 47.82223 47.3847 44.55233 43.67816 41.97133 41.11908 40.04704 39.37286 39.7869 40.44558 41.89606 43.17284 45.84777 47.73672 51.36186 52.01165 54.94595 54.57077 54.2555 53.02681 51.42842 50.52846 50.67602 49.6909 48.28363 47.67932 47.18576 47.23595 47.51635 50.04155 52.89956 55.01575 56.10417 56.48149 57.45454 57.83278 58.83797 59.23592 60.12533 61.07574 61.77003 63.17184 64.3604 65.26328 65.89352 67.24988 68.01717 68.83361 69.15508 69.50877 69.89702 70.18489
47.4482 47.49469 47.61729 47.78672 47.83657 47.77628 47.67484 47.53157 47.65355 47.65866 47.94292 48.00092 47.62812 47.11074 44.19801 43.36851 41.82016 40.27265 39.37177 39.35802 39.72598 40.55618 41.90095 42.94947 45.42649 46.80736 49.80692 50.14994 52.16895 51.56231 50.87431 49.81826 49.75354 48.75275 49.11131 48.27355 47.31617 46.74507 47.1719 47.61425 49.04704 52.06802 54.08977 54.89667 56.53459 56.9553 58.01597 58.53455 59.30477 59.94473 60.7312 61.59784 63.72983 64.29192 64.93239 66.59464 67.31414 68.54688 68.79427 69.31882 69.61059 69.77194 70.15602
47.41658 47.54393 47.6391 47.77417 47.8816 47.8213 47.65437 47.50904 47.55076 47.6487 47.77402 47.99641 47.94893 47.40655 45.58829 44.65664 42.06736 41.62592 39.79773 39.35398 39.18871 39.77226 40.19333 41.56575 42.40932 44.65808 45.14666 48.02319 48.08439 49.2734 48.58079 48.14505 47.64611 48.06636 47.81212 47.86919 47.38677 46.85734 47.00102 47.58115 50.75385 52.09956 54.17706 54.89949 55.58213 57.25927 57.73878 58.9639 59.56918 59.98511 61.43149 61.88874 63.85878 64.84415 65.46002 66.07849 67.51918 68.29284 68.85111 69.21636 69.53661 69.77099 69.86267
47.41595 47.49402 47.7064 47.79543 47.87411 47.82077 47.74207 47.46741 47.55682 47.63296 47.88331 47.96704 47.74374 47.71711 47.06603 45.1457 44.32235 41.94082 39.93868 39.62281 39.0879 39.00815 39.24133 39.46601 40.95868 41.64361 43.61729 43.90526 45.95518 45.74434 46.69022 47.27764 46.90755 47.26099 47.21339 47.39622 46.65995 46.47604 46.92041 49.64774 51.27306 54.50973 54.73167 55.5614 56.12467 56.925 58.44623 59.19814 60.38464 61.03796 61.63295 62.55846 64.29998 64.70863 65.84438 66.35705 67.15611 67.95768 68.61897 69.10582 69.4024 69.48923 69.7721
47.42123 47.5527 47.63105 47.74826 47.80916 47.80191 47.56785 47.44486 47.78076 47.85672 47.86076 47.55125 47.62041 47.45423 47.09242 46.01064 45.22633 44.52378 41.19793 40.11945 40.25065 39.53212 39.20436 38.88422 39.16842 40.35732 40.78769 42.3893 44.02581 43.61055 45.2636 45.32114 46.17765 46.1748 46.60629 46.50791 46.27822 47.56589 48.95037 50.13297 53.71817 54.59619 55.03768 55.50047 56.15866 57.81734 58.62487 59.71256 60.07756 61.30016 62.01863 62.37862 63.81095 64.86818 65.26481 66.01672 66.82869 67.61855 68.26746 68.86325 69.09592 69.3616 69.39256
