Data/Test3/dtm_1998.asc
ncols         215
nrows         762
xllcorner     0
yllcorner     0
cellsize      8
NODATA_value  -9999
[rows 56 to 83 of 762, columns 0 to 62 of 215]
96.49364 95.83705 94.48586 93.82294 93.14907 91.81096 91.1412 89.80199 88.46188 87.13637 86.45692 85.14311 84.45953 83.15942 82.47211 81.82726 80.49687 79.86058 78.53152 77.90251 77.19711 75.85544 75.22803 73.88403 73.26613 71.32753 70.61032 69.42113 68.70728 67.54094 66.81917 66.24254 64.93738 64.3766 63.07987 62.54953 61.29721 60.82269 60.11235 59.30456 58.68836 58.07297 57.12531 56.78632 56.49542 56.33401 56.19485 56.13326 56.12152 56.11633 56.12912 56.09917 56.10553 56.11939 56.24566 56.39091 56.57231 56.6462 56.60996 56.8925 56.30518 54.10046 53.76461
96.48404 95.15919 94.48648 93.82552 92.48978 91.83279 90.49568 89.843 87.85738 87.16735 85.87805 85.18417 83.90813 83.21118 82.57816 81.25173 80.55528 79.30737 78.6055 77.37311 76.66099 76.04834 74.71689 74.11108 72.7798 71.45433 70.28236 69.55681 68.4132 67.69046 66.5742 65.84721 65.30061 64.03246 63.51091 62.27692 61.79635 61.08052 59.95732 59.56824 58.61977 58.32153 57.36785 56.98077 56.71205 56.45951 56.32236 56.18663 56.12923 56.07991 56.06575 56.04933 56.03967 56.10125 56.14195 56.2756 56.33657 56.50227 56.56042 56.89368 56.64127 55.17416 54.03783
95.86319 95.18212 93.89041 93.20198 92.55777 91.22318 90.58316 89.24747 87.91136 86.64638 85.94177 84.68929 83.98181 82.65371 82.03502 81.32965 80.10526 79.39799 78.19223 77.47939 76.88133 75.56546 74.97371 73.65308 73.06883 71.17743 70.43969 69.31302 68.58016 67.48444 66.75589 65.69533 64.96863 64.45558 63.23506 62.51542 61.59286 60.90038 60.48795 59.47213 59.1378 58.29762 57.39963 57.22984 56.89033 56.66867 56.44144 56.32152 56.1911 56.16092 56.07046 56.05172 56.01722 56.02328 56.11246 56.12716 56.19944 56.3239 56.35962 56.70152 57.02908 56.59502 55.01966
95.42247 94.71881 93.48712 92.77489 92.1604 90.83076 90.11393 88.88867 86.9516 86.22578 85.62189 84.29457 83.69786 82.3769 81.7888 81.06152 79.89937 79.17282 78.0312 77.30333 76.17941 75.44537 74.88779 73.5919 73.04117 71.20267 70.45001 69.16405 68.63538 67.37302 66.8633 65.63264 65.14682 64.4258 63.50263 62.80133 61.95902 61.29176 60.91306 59.94227 59.62693 58.79913 57.88787 57.70937 57.33838 57.07927 56.8001 56.6307 56.43473 56.27955 56.19188 56.09166 56.02092 55.98343 55.9897 56.02188 55.97945 55.9336 56.00217 56.50446 57.00692 57.16061 56.97092
95.51869 94.31428 93.59529 92.27115 91.66914 90.94353 89.74298 89.01135 87.08373 86.49127 85.16443 84.57863 83.25726 82.67946 81.36642 80.79805 80.06032 78.93845 78.20212 77.10048 76.36267 75.81757 74.53381 73.99576 72.71048 70.89621 70.13902 69.61768 68.35048 67.84598 66.60853 66.12625 65.39578 64.47528 63.76458 62.91354 62.23226 61.47041 60.83363 60.49736 59.60618 59.33133 58.36931 57.76782 57.6132 57.26994 56.86901 56.77871 56.49215 56.42996 56.27311 56.16976 56.06021 55.9812 55.94808 55.96582 55.89977 55.83494 56.16347 56.51847 56.75481 57.12606 57.42531
95.03363 94.44207 93.12499 92.53604 91.80287 90.62747 89.88712 88.71952 86.81619 86.06665 85.49176 84.17023 83.60281 82.28845 81.72975 80.98019 79.87675 79.12919 78.04674 77.30079 76.02155 75.49017 74.74327 73.6897 72.9354 71.13574 70.11664 69.35521 68.85629 67.61154 67.13237 65.92447 65.47089 64.74753 63.891 63.19459 62.41495 61.75661 61.0711 60.46505 60.16714 59.34798 58.42239 57.99775 57.83508 57.34296 57.22439 56.84848 56.76353 56.48186 56.41564 56.25235 56.1382 56.02286 55.94943 55.90459 55.88319 55.86303 56.05841 56.56331 56.99766 57.12871 57.34777
95.31289 94.00447 93.42893 92.11298 91.54002 90.79216 89.64903 88.89436 87.00049 85.87726 85.11517 84.55814 83.24303 82.69406 81.3876 80.8479 80.0883 78.79721 78.26633 76.98761 76.46646 75.19624 74.68323 73.92708 72.91051 71.14782 70.38164 69.88953 68.64135 68.16566 66.94739 66.49442 65.32026 64.89594 64.18314 63.3905 62.71137 62.00069 61.36674 60.75483 60.17517 59.62624 58.67854 58.31079 57.91078 57.7656 57.30359 57.19408 56.8324 56.74868 56.53473 56.39301 56.2242 56.1131 55.99977 55.95111 55.9037 55.8926 56.25839 56.7389 56.94835 57.00787 57.18503
94.90727 94.34541 93.03798 92.47818 91.16338 90.60624 89.84409 88.73296 86.86334 86.0914 85.54466 84.22915 83.68999 82.3821 81.61263 80.55353 79.78571 79.26326 77.9816 77.46919 76.1994 75.69615 74.9348 73.93899 73.17433 71.42476 70.46271 69.69331 69.2225 67.99716 67.54559 66.35726 65.93102 65.20139 64.39862 63.69922 62.65478 62.30921 61.35368 61.05428 60.46939 59.9536 59.01565 58.56419 58.39403 57.85269 57.71969 57.27708 57.17271 56.81599 56.73131 56.51405 56.3715 56.20294 56.10801 56.00516 55.96591 55.91241 56.13053 56.67147 56.8262 56.94445 57.00777
95.28331 93.98584 93.43945 92.13293 91.58856 90.8204 89.73343 88.9576 87.0976 85.78035 85.24602 84.46603 83.40775 82.62744 81.58626 80.80685 80.29279 79.00708 78.50269 77.22966 76.73474 75.47305 74.98672 74.21655 73.25449 71.53671 70.76302 70.29826 69.07017 68.62132 67.42212 66.67168 65.83946 65.11249 64.72101 63.64709 63.2914 62.29625 61.98183 61.08001 60.81084 60.25091 59.29355 58.91961 58.48697 58.33221 57.81487 57.68971 57.25793 57.15599 56.79946 56.71519 56.49597 56.24969 56.19942 56.04148 56.01115 55.93653 56.03542 56.45015 56.59631 56.82053 57.0867
94.95433 94.42157 93.12492 92.59358 91.28798 90.75871 89.97678 88.66188 86.81667 86.29246 85.50275 84.46365 83.67301 82.64999 81.85959 80.85385 80.06492 79.5684 78.29077 77.80342 76.53809 76.05956 74.80521 74.33479 73.55647 71.84857 70.93865 70.16229 69.38957 68.51156 67.74939 66.91469 66.17163 65.39137 64.6759 64.3121 63.28182 62.95514 62.00824 61.72279 61.12679 60.62822 59.67587 59.19773 58.85706 58.43731 58.293 57.79036 57.67002 57.24398 56.96434 56.87455 56.56044 56.49236 56.25925 56.2183 56.05068 56.02225 55.94347 56.1854 56.02171 56.35591 56.60908
95.42264 94.13694 93.36581 92.32286 91.54092 90.5018 89.71092 89.19256 87.3669 86.05617 85.54861 84.74826 83.74341 82.94275 81.95404 81.15408 80.18202 79.38381 78.90381 77.63333 77.16184 75.90327 75.43992 74.65229 73.73726 71.71809 71.27206 70.05388 69.62196 68.85049 68.01626 67.25957 66.47285 65.73912 65.36906 64.30808 63.97143 62.98472 62.68559 61.78452 61.52539 60.94907 59.97811 59.60041 59.13586 58.97363 58.40659 58.02328 57.77525 57.44439 57.23818 56.95863 56.87422 56.57291 56.51873 56.30639 56.28501 56.13508 56.11632 56.10048 56.02167 56.05214 56.13561
95.16721 94.39388 93.37741 92.59233 91.57829 90.78291 90.2764 88.96996 87.15907 86.66125 85.35631 84.86536 84.05496 83.08353 82.27321 81.31728 80.50793 80.03537 78.76012 78.29536 77.03104 76.23271 75.32138 74.52682 74.07709 72.40083 71.18001 70.75185 69.97203 69.14084 68.37275 67.58266 66.83331 66.09459 65.37187 65.0273 64.00606 63.69561 62.75111 62.47758 61.86631 61.38245 60.0928 59.90496 59.25845 59.09849 58.66981 58.38871 58.00915 57.77048 57.44186 57.24751 56.97195 56.89953 56.6271 56.5966 56.42824 56.44352 56.30052 56.29265 56.54442 56.22576 56.19198
95.43938 94.44961 93.66247 92.67406 91.87549 90.88998 90.08195 89.59013 87.79929 86.49622 86.01447 85.19518 84.241 83.42108 82.48137 81.6617 80.73619 79.91763 79.10393 78.18985 77.37908 76.47961 75.67302 75.22891 73.98764 72.32664 71.9024 70.69694 70.28706 69.50858 68.71774 67.95496 67.20937 66.46907 65.77858 65.06802 64.74844 63.76626 63.48051 62.57544 61.96698 61.72916 60.74005 60.0367 59.86102 59.23107 59.07789 58.65321 58.38235 58.00642 57.78009 57.45528 57.36389 57.01764 56.96428 56.73868 56.73632 56.63061 56.66942 56.62232 56.59444 56.3017 56.37821
95.53753 94.74937 93.78696 92.98639 92.02544 91.21413 90.73386 89.43708 87.66083 87.18854 85.89108 85.42496 84.59621 83.30504 82.84366 81.55931 81.10455 79.82753 79.37915 78.55643 77.66861 76.84929 75.97539 75.16141 74.73057 73.07674 71.86349 71.4558 70.26804 69.87674 69.10155 68.35177 67.59605 66.89585 66.16595 65.44968 64.82513 64.14365 63.58407 62.9436 62.45077 61.85627 60.88048 60.69008 60.00537 59.83802 59.37108 59.07046 58.64885 58.3906 58.01903 57.80914 57.49199 57.41362 57.10251 57.06901 56.89229 56.90218 56.79706 56.70022 56.52578 56.47255 56.50465
95.38177 94.91498 94.11356 93.17764 92.36426 91.43042 90.60718 90.14098 88.3851 87.09068 86.25659 85.34167 84.50572 84.05243 82.76653 82.31924 81.03918 80.5975 79.76364 78.88788 78.05634 77.19231 76.36517 75.51575 74.69569 73.05508 72.64944 71.4509 71.06009 70.27242 69.52016 68.7502 67.63818 67.29587 66.2365 65.9225 65.21802 64.63926 63.97045 63.45313 62.82548 62.59264 61.58155 60.84552 60.66493 59.99234 59.83118 59.36652 59.07801 58.66005 58.41763 58.05119 57.952 57.55509 57.29023 57.21283 57.03721 57.02792 56.91766 56.73188 56.66118 56.4954 56.43907
96.05647 95.25498 94.34451 93.53019 92.62033 91.79479 90.50928 90.05365 88.31198 87.47197 86.57468 85.73133 85.28625 83.99989 83.56022 82.27808 81.84335 80.56605 80.13597 79.29305 78.43933 77.59948 76.75775 75.92398 75.5093 73.87076 72.65998 72.26974 71.08818 70.29959 69.93071 68.80106 68.45498 67.3737 67.05396 66.32947 65.73546 65.04211 64.50433 63.84696 63.36576 62.74898 61.74723 61.55418 60.83254 60.6595 59.99553 59.84071 59.37807 59.10499 58.69097 58.20173 58.10395 57.77719 57.63612 57.38824 57.31319 57.14719 57.08357 56.88669 56.64155 56.53852 56.29008
95.96541 95.52412 94.70992 93.44415 92.99792 91.72179 91.27704 90.43945 88.70795 87.82895 86.97963 86.11006 85.25755 84.8257 83.54269 83.1151 81.83498 81.41119 80.55788 79.71519 78.86349 78.02994 77.18283 76.36296 75.52425 73.89755 73.07933 72.31148 71.5085 70.7756 69.99149 69.64231 68.54082 68.2164 67.16621 66.86786 66.15322 65.59904 64.9156 64.4129 63.76554 63.31448 62.50167 61.73418 61.55022 60.8392 60.32841 60.17042 59.54776 59.41048 58.85763 58.7431 58.26404 58.17238 57.85291 57.71556 57.47302 57.36568 57.18552 56.87801 56.77124 56.43499 56.28312
96.33536 95.90157 94.64854 94.21431 92.94905 92.51547 91.2413 90.80971 89.10197 88.24808 87.39587 86.53741 85.69296 84.83116 84.41088 83.12939 82.71213 81.43247 81.01808 80.15564 79.33113 78.4715 77.2093 76.80444 75.5598 74.33208 73.56403 72.74583 72.00996 71.21014 70.85819 69.73694 69.40839 68.33636 68.03287 67.01154 66.73211 66.02603 65.50559 64.83084 64.35799 63.71931 62.69271 62.11132 61.74429 61.19846 60.86756 60.35745 60.20785 59.59576 59.46734 58.92218 58.81319 58.43176 58.24694 57.92641 57.76999 57.51543 57.35891 57.05232 56.72008 56.57074 56.20007
96.68446 95.86423 95.44217 94.18906 93.76684 92.50279 92.08167 90.81012 89.53418 88.69982 87.8369 87.009 86.14133 85.72873 84.44727 84.0369 82.75511 81.88475 81.06599 80.19617 79.78862 78.51718 78.11473 76.85741 76.46368 74.84702 74.01315 73.27451 72.45835 71.7571 70.96255 70.63014 69.53667 69.22861 68.18441 67.89955 67.17351 66.63885 65.94003 65.01543 64.78142 63.91479 63.09152 62.70544 62.12762 61.77937 61.23462 61.07558 60.41257 60.27268 59.66891 59.54745 59.00349 58.89718 58.5093 58.31432 57.97958 57.79285 57.51233 57.05843 56.93866 56.54634 56.28471
97.08939 96.27176 95.43982 95.02921 93.77657 93.36617 92.1039 91.69496 90.01964 89.15344 88.34258 87.47055 86.66367 85.78648 84.91071 84.10101 83.2224 82.41525 81.53548 81.13261 79.85346 79.45398 78.18513 77.79248 76.54267 75.31125 74.56999 73.7373 73.03062 72.21875 71.88255 70.76725 70.45476 69.38841 69.09883 68.07814 67.35194 67.08838 66.1319 65.88861 64.98468 64.76354 63.71768 63.11057 62.74607 62.17072 61.84301 61.29894 61.15032 60.49701 60.36612 59.76551 59.64948 59.0978 58.9892 58.58429 58.37267 58.01333 57.59312 57.20171 56.97089 56.6991 56.55386
97.96634 97.19398 96.35315 95.96483 94.72517 94.33658 93.08629 92.22046 90.56618 90.17627 88.90733 88.5182 87.24266 86.85329 85.96243 85.18112 84.28562 83.50287 82.605 81.82289 80.92632 80.53738 79.26135 78.87979 77.62455 76.38907 75.67294 74.82607 73.65274 73.32291 72.19621 71.88949 71.10323 70.52539 69.76267 69.22089 68.47999 68.22247 67.2545 67.01513 66.0969 65.87934 64.82187 64.1936 63.83744 63.23855 62.92039 62.34971 62.20607 61.52455 60.99714 60.75669 60.25496 60.03121 59.54946 59.43983 58.87328 58.76522 58.21811 57.70051 57.47234 57.15039 57.00914
98.48991 97.65221 96.89986 96.04868 95.19411 94.43153 93.56604 92.80432 91.54848 90.28653 89.90577 88.63585 88.25434 86.97575 86.59266 85.69176 84.92136 84.01593 83.24318 82.33655 81.95058 80.66403 80.28331 79.01358 78.64281 76.5307 76.17767 74.9832 74.64933 73.4994 73.18793 72.38315 71.79627 71.01561 70.46529 69.70586 69.18515 68.44788 68.20084 67.25009 67.02321 66.1267 65.27026 64.89847 64.27614 63.9439 63.35001 62.6271 62.48986 61.9365 61.69044 61.1593 60.93962 60.42352 60.31903 59.71432 59.61537 59.0162 58.90471 58.18198 57.74356 57.52573 57.18939
98.95612 97.74728 97.37825 96.52621 95.78423 94.92021 94.17752 93.30309 91.67706 91.30484 90.04189 89.66855 88.39537 88.01979 87.11497 86.35815 85.44698 84.68523 83.7702 83.00734 82.09354 81.1852 80.43179 79.5331 78.80047 77.56096 76.346 76.00833 74.83543 74.51915 73.39362 73.09926 72.30029 71.74179 70.96423 70.43419 69.67691 69.42339 68.44232 68.20647 67.27625 67.06286 65.99706 65.35214 64.55212 64.38833 63.63696 63.49345 62.79002 62.66714 62.11643 61.90085 61.36443 61.1776 60.64673 60.56213 59.94569 59.85521 59.20456 58.45291 58.3457 57.83941 57.56174
99.07005 98.71217 97.5023 97.14256 96.28093 95.55776 94.68472 93.96026 92.71349 91.45868 91.0937 89.82758 89.4599 88.18151 87.81046 86.8952 86.14609 85.22474 83.92567 83.5475 82.62834 81.87781 80.96555 80.23215 79.33226 77.74103 77.39999 76.20439 75.88344 74.73407 74.43501 73.33101 73.05063 72.25485 71.71672 70.94029 70.42632 69.67197 69.42778 68.46443 67.75549 67.33303 66.27744 65.63308 65.46019 64.67963 64.52734 63.79921 63.67064 63.10664 62.89001 62.34473 62.17427 61.63444 61.5061 60.95835 60.8977 60.25301 60.17766 59.42213 58.80914 58.09272 57.92833
100.0484 98.85391 98.50467 97.64656 96.9431 96.07247 95.36639 94.48473 92.88426 92.5278 91.26995 90.91061 89.63907 89.27569 87.99051 87.06826 86.69698 85.39728 85.02347 83.72134 83.34955 82.42523 81.69254 80.77814 80.0673 78.48622 77.6065 77.28108 76.10773 75.80385 74.67661 74.3922 73.57817 73.03268 72.23741 71.71333 70.938 69.9304 69.6907 68.95782 68.51471 67.81526 66.74788 66.56443 65.75195 65.58834 64.83101 64.69207 63.99689 63.88836 63.34034 63.17804 62.64355 62.5451 62.00582 61.9747 61.37855 61.34769 60.69031 59.95255 59.25234 59.12315 58.17923
100.2071 99.86862 98.67284 98.33179 97.46457 96.77725 95.89794 95.20708 93.62161 92.72048 91.81671 91.10654 90.19205 89.47276 88.54829 88.18407 86.88663 86.51842 85.21332 84.8446 83.54333 83.17983 82.25235 81.54042 80.62534 79.0415 78.7121 77.51495 77.20618 76.0553 75.76678 74.65601 73.83893 73.56825 72.5011 72.23985 71.20346 70.95491 70.19807 69.7338 69.01012 68.5872 67.51128 66.85437 66.6773 65.8848 65.73051 65.00737 64.88681 64.33565 64.16518 63.64363 63.56455 63.04822 62.50741 62.5111 61.9436 61.9523 61.31483 60.62103 60.48471 59.59552 59.36441
101.2323 100.0526 99.72171 98.52451 98.19089 97.31506 96.64213 95.7543 94.17719 93.2748 92.5816 91.66774 90.96478 90.03966 89.32594 88.39067 88.02904 86.72455 86.36028 85.05327 84.69177 83.75279 83.04169 82.1124 81.42337 79.84991 78.95609 78.64252 77.46742 76.61099 76.04175 75.20647 74.93272 73.84326 73.57746 72.51378 72.25735 71.23116 70.99113 70.24257 69.79619 69.08163 67.98938 67.60912 66.96455 66.79145 66.0276 65.88708 65.21747 65.12625 64.61494 64.06846 64.05162 63.56429 63.59729 63.1285 63.19524 62.60602 62.73944 62.12801 61.27095 61.15649 59.83868
101.4315 101.111 99.92932 99.06245 98.73404 97.52628 97.19514 95.97227 94.40021 94.06223 93.15012 92.46417 91.53971 90.84221 89.90614 89.55202 88.25154 87.89307 86.58415 86.22585 84.92133 84.56891 83.62711 82.93735 82.00735 80.43094 79.21837 78.91362 78.03781 77.46078 76.60722 76.05718 75.22008 74.95078 73.86139 73.59818 72.53892 72.288 71.27599 71.04321 70.30325 69.86646 68.74859 68.07653 67.88322 67.06812 66.90123 66.18526 65.64755 65.48561 65.01008 64.99052 64.55315 64.60278 64.22882 64.34288 63.83859 64.09525 63.48476 62.96415 63.00396 61.93731 61.77353
